[gd_scene load_steps=3 format=3 uid="uid://c7u0oqb1kws5g"]

[ext_resource type="Script" path="res://core/gui/icons/scripts/item_icon.gd" id="1_deffn"]

[sub_resource type="ViewportTexture" id="ViewportTexture_vs865"]
viewport_path = NodePath("IconWiewver")

[node name="ItemIcon" type="Control"]
custom_minimum_size = Vector2(48, 48)
layout_mode = 3
anchors_preset = 0
script = ExtResource("1_deffn")

[node name="TextureRect" type="TextureRect" parent="."]
layout_mode = 1
anchors_preset = 15
anchor_right = 1.0
anchor_bottom = 1.0
grow_horizontal = 2
grow_vertical = 2
texture = SubResource("ViewportTexture_vs865")

[node name="IconWiewver" type="SubViewport" parent="."]
own_world_3d = true
transparent_bg = true
size = Vector2i(48, 48)
render_target_update_mode = 1

[node name="Offset" type="Node3D" parent="IconWiewver"]

[node name="Skin" type="Node3D" parent="IconWiewver/Offset"]
transform = Transform3D(0.875726, 0, 0.482809, 0.14752, 0.952177, -0.267574, -0.459719, 0.305546, 0.833846, 0.1, 0, 0)

[node name="Camera3D" type="Camera3D" parent="IconWiewver"]
transform = Transform3D(1, 0, 0, 0, 0.971516, 0.236974, 0, -0.236974, 0.971516, 0, 0.136238, 0.552424)

[node name="DirectionalLight3D" type="DirectionalLight3D" parent="IconWiewver"]
transform = Transform3D(0.497882, 0.760271, -0.417254, 0, 0.481127, 0.876651, 0.867245, -0.436469, 0.239544, -0.945668, 1.78897, 0.12264)
